((("filp" .
   [1 0 0 0])
  ("arg" .
   [8 0 0])
  ("tid2" .
   [3 0 0 0])
  ("pthread_join" .
   [2 0 0 0 0 0 0 0 0 0 0 0])
  ("tret" .
   [5 0 0 0])
  ("fun_thd2" .
   [0 0 0 0 1 0 0 0])
  ("tid1" .
   [7 0 0 0])
  ("pthread_create" .
   [2 0 0 0 0 0 0 0 0 0 0 0 0 0])
  ("err" .
   [9 0 0])
  ("etu_delay" .
   [0 0 0 0 2 0 0 0 0])
  ("send" .
   [1 0 0 0])
  ("i2c_dev" .
   [1 0 0 0 0 0 0])
  ("0x08" .
   [1 0 0 0])
  ("0x05" .
   [1 0 0 0])
  ("get_psam_num_s" .
   [2 0 0 0 0 0 0 0 0 0 0 0 0 0])
  ("0x06" .
   [1 0 0 0])
  ("0x96" .
   [1 0 0 0])
  ("memcpy" .
   [2 0 0 0 0 0])
  ("0xC0" .
   [1 0 0 0])
  ("one_res_buf" .
   [4 0 0 0 0 0 0 0 0 0 0])
  ("one_res_len" .
   [3 0 0 0 0 0 0 0 0 0 0])
  ("NeNc" .
   [18 0 0 0])
  ("pAPDU" .
   [14 0 0 0 0])
  ("indexMessage" .
   [6 0 0 0 0 0 0 0 0 0 0 0])
  ("CASE2" .
   [2 0 0 0 0])
  ("cmdCase" .
   [2 0 0 0 0 0 0])
  ("INS" .
   [3 0 0])
  ("SW1" .
   [2 0 0])
  ("continue" .
   [1 0 0 0 0 0 0 0])
  ("pMessage" .
   [3 0 0 2 0 2 0 0])
  ("indexApdu" .
   [3 0 0 0 0 0 0 0 0])
  ("tpdu_cmd" .
   [1 0 0 0 0 0 0 0])
  ("current" .
   [1 0 0 0 1 0 0])
  ("set_uart_speed" .
   [1 0 0 0 0 0 0 0 0 0 0 0 0 0])
  ("DEV_FD" .
   [3 0 0 0 1 0])
  ("reset" .
   [1 0 0 0 0])
  ("g_i2c_fd" .
   [0 0 0 1 0 0 0 0])
  ("guess_speed" .
   [1 0 0 0 0 1 0 0 0 0 0])
  ("uartfd" .
   [2 0 0 0 0 0])
  ("uart_fd" .
   [1 0 0 0 0 0 0])
  ("cmd_pps" .
   [3 0 0 0 0 0 0])
  ("V1_8" .
   [1 0 0 0])
  ("r_val" .
   [1 0 0 0 0])
  ("g_flag_atr" .
   [0 0 0 1 0 0 0 0 0 0])
  ("level" .
   [1 0 0 0 0])
  ("set_cmd_vcc" .
   [1 0 0 0 0 0 0 0 0 0 0])
  ("0x7B" .
   [1 0 0 0])
  ("set_card_voltage" .
   [1 0 0 0 0 0 0 0 0 0 0 0 0 0 0 0])
  ("voltage" .
   [3 0 0 0 0 0 0])
  ("check" .
   [0 0 0 1 0])
  ("newcard" .
   [7 0 0 0 0 0 0])
  ("card_selected" .
   [6 0 0 0 0 0 0 0 0 0 0 0 0])
  ("0x7F" .
   [1 0 0 0])
  ("usleep" .
   [1 0 0 1 0 0])
  ("psam_test" .
   [0 0 0 0 0 1 0 0 0])
  ("tmp_slot" .
   [0 0 0 7 2 0 0 0])
  ("tda8026_unselect_cardslot" .
   [0 0 0 1 0 0 0 0 0 0 0 0 0 0 0 0 0 0 0 0 0 0 0 0 0])
  ("sleep" .
   [6 0 0 0 0])
  ("active" .
   [1 0 0 0 0 0])
  ("present" .
   [2 0 0 0 0 0 0])
  ("DEFAULT_CMD_VALUE" .
   [0 0 0 1 0 0 0 0 0 0 0 0 0 0 0 0 0])
  ("command" .
   [2 0 0 1 4 0 0])
  ("0x04" .
   [2 0 0 0])
  ("TDA8026_SECND_ADDR" .
   [0 0 0 4 0 0 0 0 0 0 0 0 0 0 0 0 0 0])
  ("status" .
   [4 0 0 0 1 0])
  ("slotcards" .
   [0 0 0 14 2 0 0 0 0])
  ("card" .
   [1 0 0 0])
  ("tda8026_select_cardslot" .
   [0 0 0 1 0 0 0 0 0 0 0 0 0 0 0 0 0 0 0 0 0 0 0])
  ("ret" .
   [6 0 0])
  ("0xC2" .
   [1 0 0 0])
  ("i2c_read_byte" .
   [1 0 0 1 0 0 0 0 0 0 0 0 0])
  ("i2c_write_byte" .
   [0 0 0 4 0 0 0 0 0 0 0 0 0 0])
  ("rbuf" .
   [1 0 0 0])
  ("0xFF" .
   [5 0 0 1])
  ("res" .
   [13 0 0])
  ("i2c" .
   [1 0 0])
  ("slave_addr" .
   [2 0 0 0 0 0 0 0 0 0])
  ("0x00" .
   [19 0 0 0])
  ("0xCF" .
   [0 0 0 1])
  ("1000" .
   [5 0 0 0])
  ("CLK_D" .
   [1 0 0 4 0])
  ("MX6Q_ECSPI_PAD_CTRL" .
   [3 0 0 0 0 0 0 0 0 0 0 0 0 0 0 0 0 0 0])
  ("exit" .
   [1 0 0 0])
  ("perror" .
   [11 0 0 0 0 0])
  ("maxpri" .
   [3 0 0 0 1 0])
  ("sparam" .
   [1 0 0 1 0 0])
  ("sched" .
   [1 0 0 0 0])
  ("mypid" .
   [1 0 0 0 0])
  ("pid_t" .
   [0 0 0 1 0])
  ("else" .
   [0 0 0 1])
  ("bits" .
   [2 0 0 0])
  ("devname" .
   [3 0 0 0 0 0 0])
  ("EFAULT" .
   [0 0 0 1 0 0])
  ("C20_FPGA1_RST" .
   [0 0 0 1 0 0 0 0 0 0 0 0 0])
  ("gpio_buf" .
   [1 0 0 0 0 0 0 0])
  ("missing" .
   [1 0 0 0 0 0 0])
  ("copy_from_user" .
   [1 0 0 0 0 0 0 0 0 0 0 0 0 0])
  ("m_end_tick" .
   [0 0 0 0 0 1 0 0 0 0])
  ("ticker" .
   [0 0 0 0 2 0])
  ("double" .
   [3 0 0 0 0 0])
  ("m_start_tick" .
   [0 0 0 0 1 0 0 1 0 0 0 0])
  ("tv_usec" .
   [1 0 0 0 0 0 0])
  ("tv_sec" .
   [1 0 0 0 0 1])
  ("1000000" .
   [3 0 0 0 0 0 0])
  ("timeuse" .
   [1 0 0 0 0 0 0])
  ("gettimeeofday" .
   [0 0 0 0 0 1 0 0 0 0 0 0 0])
  ("tstart" .
   [2 0 0 0 0 0])
  ("dev" .
   [2 0 0])
  ("pdev" .
   [1 0 0 0])
  ("dev_info" .
   [1 0 0 0 0 0 0 0])
  ("256" .
   [3 0 0])
  ("300" .
   [1 0 0])
  ("100" .
   [8 0 0])
  ("unsigned" .
   [3 0 0 1 6 0 0 0])
  ("volatile" .
   [0 0 0 0 0 1 0 0])
  ("called_times" .
   [1 0 0 0 0 0 0 0 0 0 0 0])
  ("called" .
   [1 0 0 0 0 0])
  ("base" .
   [1 0 0 0])
  ("dma_ctl" .
   [1 0 0 0 0 0 0])
  ("writel" .
   [1 0 0 0 0 0])
  ("for" .
   [3 0 0])
  ("500" .
   [3 0 0])
  ("buf" .
   [9 0 0])
  ("0x95" .
   [2 0 0 0])
  ("tmp" .
   [2 0 0])
  ("read" .
   [7 0 0 0])
  ("val" .
   [21 0 0])
  ("u32" .
   [10 0 0])
  ("0x73" .
   [1 0 0 0])
  ("spi" .
   [8 0 0])
  ("long" .
   [3 0 0 0])
  ("20320" .
   [1 0 0 0 0])
  ("argv" .
   [2 0 0 0])
  ("argc" .
   [1 0 0 0])
  ("compare" .
   [1 0 0 0 0 0 0])
  ("print_min" .
   [1 0 0 0 0 0 0 0 0])
  ("include" .
   [6 0 0 1 0 0 0])
  ("display_list" .
   [0 0 0 1 0 0 0 0 0 0 0 0])
  ("insert_node" .
   [0 0 0 1 0 0 0 0 0 0 0])
  ("search" .
   [0 0 0 0 1 0])
  ("newp" .
   [5 0 0 0])
  ("node" .
   [12 0 0 0])
  ("Node" .
   [1 0 0 0])
  ("typedef" .
   [1 0 0 0 0 0 0])
  ("follow" .
   [1 0 0 0 0 1])
  ("createList" .
   [0 0 0 0 1 0 0 0 0 0])
  ("while" .
   [29 0 0 0 0])
  ("next" .
   [47 0 0 0])
  ("temp" .
   [17 0 0 0])
  ("head" .
   [35 0 0 0])
  ("renew" .
   [1 0 0 0 0])
  ("20130000" .
   [0 0 0 0 0 1 0 0])
  ("p_st" .
   [2 0 0 0])
  ("mike" .
   [1 0 0 0])
  ("mike2" .
   [5 0 0 0 0])
  ("str2" .
   [2 0 0 0])
  ("str1" .
   [3 0 0 0])
  ("sstrcpy" .
   [0 0 0 1 0 0 0])
  ("addr" .
   [1 0 0 0])
  ("SrcStr" .
   [0 0 0 1 1 0])
  ("DestStr" .
   [0 0 0 0 2 1 0])
  ("const" .
   [3 0 0 0 0])
  ("FUCK" .
   [1 0 0 0])
  ("void" .
   [24 0 0 0])
  ("AF_INET" .
   [0 0 0 1 0 0 0])
  ("serv_addr" .
   [1 0 0 0 0 0 0 0 0])
  ("sizeof" .
   [11 0 0 1 1 0])
  ("DATA" .
   [1 0 0 1])
  ("socket" .
   [0 0 0 0 1 0])
  ("write" .
   [2 0 0 0 0])
  ("debug" .
   [6 0 0 0 0])
  ("defun" .
   [7 0 0 0 0])
  ("sockaddr" .
   [1 0 0 0 0 0 0 0])
  ("define-key" .
   [1 0 0 0 0 0 1 0 0 0])
  ("global-set-key" .
   [0 0 0 0 0 0 2 0 0 0 0 0 0 0])
  ("setq" .
   [6 0 0 0])
  ("scroll-bar-mode" .
   [0 0 0 0 0 0 0 0 0 0 0 0 0 1 0])
  ("window-system" .
   [0 0 0 0 0 0 0 0 0 0 0 0 1])
  ("when" .
   [0 0 1 0])
  ("yas/minor-mode-on" .
   [0 0 0 0 0 0 0 1 0 0 0 0 0 0 0 0 0])
  ("yas/global-mode" .
   [0 0 0 0 0 0 0 1 0 0 0 0 0 0 0])
  ("yas/dropdown-prompt" .
   [0 0 0 0 0 0 0 1 0 0 0 0 0 0 0 0 0 0 0])
  ("int" .
   [111 0 0])
  ("return" .
   [19 1 0 0 0 0])
  ("switch" .
   [4 0 0 0 0 1])
  ("case" .
   [15 0 0 0])
  ("default" .
   [3 0 0 0 1 0 0])
  ("break" .
   [26 0 0 0 0])
  ("printf" .
   [124 0 0 4 3 4])
  ("enum" .
   [2 0 0 0])
  ("sfuck" .
   [1 0 0 0 0])
  ("baby" .
   [1 0 0 1])
  ("size" .
   [4 0 0 0])
  ("char" .
   [37 0 0 0])
  ("new" .
   [8 0 0])
  ("NULL" .
   [25 0 0 0])
  ("cout" .
   [38 0 0 0])
  ("endl" .
   [16 0 0 0])
  ("using" .
   [1 0 0 0 1])
  ("namespace" .
   [0 0 0 0 0 2 0 0 0])
  ("delete" .
   [7 0 0 1 0 1])
  ("refx" .
   [2 0 0 0])
  ("struct" .
   [4 0 0 1 2 1])
  ("float" .
   [2 0 0 0 0])
  ("student" .
   [6 0 0 12 2 0 0])
  ("name" .
   [2 0 0 1])
  ("score" .
   [0 0 0 2 1])
  ("output" .
   [0 0 0 0 0 1])
  ("getInt1" .
   [0 0 0 0 1 0 0])
  ("getInt2" .
   [1 0 0 0 0 0 0])
  ("malloc" .
   [2 0 0 0 0 0])
  ("virtual" .
   [1 0 0 0 0 1 0])
  ("class" .
   [13 0 0 0 0])
  ("public" .
   [9 0 0 0 0 0])
  ("private" .
   [4 0 0 0 0 0 0])
  ("CTyre" .
   [1 0 0 1 0])
  ("width" .
   [1 0 0 0 0])
  ("CEngine" .
   [0 0 0 1 0 0 0])
  ("CCar" .
   [6 0 0 0])
  ("price" .
   [3 0 0 3 0])
  ("friend" .
   [3 0 0 0 0 0])
  ("MostExpensiveCar" .
   [0 0 0 0 1 0 0 0 0 0 0 0 0 0 0 0])
  ("cars" .
   [3 0 0 0])
  ("total" .
   [1 0 0 0 1])
  ("tmpMax" .
   [0 0 0 2 1 0])
  ("CDriver" .
   [0 0 0 1 0 0 0])
  ("myCar" .
   [1 0 0 0 0])
  ("DynamicMath" .
   [0 0 0 0 2 0 0 0 0 0 0])
  ("add" .
   [2 0 0])
  ("sub" .
   [2 0 0])
  ("main" .
   [5 0 0 0])
  ("endif" .
   [16 0 0 2 0])
  ("s_info" .
   [1 0 0 0 0 0])
  ("nread" .
   [17 0 0 1 0])
  ("O_NDELAY" .
   [1 0 0 0 0 0 0 0])
  ("115200" .
   [11 0 0 0 1 0])
  ("38400" .
   [6 0 0 0 0])
  ("printk" .
   [19 0 0 0 0 0])
  ("__FUNCTION__" .
   [0 0 0 2 0 0 0 0 0 0 0 0])
  ("define" .
   [12 0 0 0 0 0])
  ("rx_buf" .
   [6 0 0 1 0 0])
  ("tx_buf" .
   [9 0 0 4 0 0])
  ("u_tmp" .
   [1 0 0 0 0])
  ("spi_imx" .
   [9 0 0 3 10 1 0])
  ("S_DEBUG_TX" .
   [0 0 0 0 2 0 0 0 0 2])
  ("ifdef" .
   [9 0 0 0 0])
  ("buffer" .
   [9 0 0 0 0 0])
  ("__FILE__" .
   [1 0 0 0 0 0 0 0])
  ("MXC_CSPIRXDATA" .
   [1 0 0 0 0 0 0 0 0 0 0 0 0 0])
  ("static" .
   [1 0 0 0 0 0])
  ("s_rx_buf" .
   [0 0 0 0 3 2 0 0])
  ("spi_imx_data" .
   [1 0 0 0 0 0 0 0 0 0 0 0])
  ("g_s_rx_len" .
   [0 0 0 3 2 0 0 0 0 0])
  ("memset" .
   [1 0 0 2 0 0])
  ("spi_master_get_devdata" .
   [1 0 0 0 0 0 0 0 0 0 0 0 0 0 0 0 0 0 0 0 0 0])
  ("master" .
   [3 0 0 0 0 0])
  ("spi_master" .
   [1 0 0 0 0 0 0 0 0 0])
  ("master_mode" .
   [2 0 0 0 0 0 0 0 0 0 0])
  ("save_len" .
   [1 0 0 0 0 0 0 0])
  ("IMX_GPIO_NR" .
   [0 0 0 0 1 0 0 0 0 0 0])
  ("transfer" .
   [0 0 0 0 2 0 0 0])
  ("master_fd" .
   [2 0 0 0 0 0 0 0 0])
  ("len" .
   [6 0 0])
  ("interactive" .
   [1 0 0 0 0 0 0 0 0 0 0])
  ("set-frame-font" .
   [0 0 0 0 0 0 0 0 0 1 0 0 0 0])
  ("add-to-list" .
   [0 0 0 0 0 0 1 0 0 0 0])
  ("lambda" .
   [1 0 0 0 0 0])
  ("new-frame" .
   [0 0 0 0 1 0 0 0 0])
  ("select-frame" .
   [1 0 0 0 0 0 0 0 0 0 0 0])
  ("spi_imx_chipselect" .
   [1 0 0 0 0 0 0 0 0 0 0 0 0 0 0 0 0 0])
  ("BITBANG_CS_INACTIVE" .
   [0 0 0 1 0 0 0 0 0 0 0 0 0 0 0 0 0 0 0])
  ("udelay" .
   [4 0 0 0 0 0])
  ("chipselect" .
   [1 0 0 0 0 0 0 0 0 0])
  ("chip_select" .
   [1 0 0 0 0 0 0 0 0 0 0])
  ("slave_fd" .
   [1 0 0 0 0 0 0 0])
  ("readl" .
   [1 0 0 0 0])
  ("2000" .
   [2 0 0 0])
  ("int_t" .
   [4 0 0 0 0])
  ("gpio" .
   [1 0 0 0])
  ("tda_data" .
   [1 0 0 0 0 0 0 0])
  ("0x41" .
   [1 0 0 0])
  ("channel" .
   [1 0 0 0 0 0 0])
  ("tda8026" .
   [0 0 0 2 0 0 1])
  ("byte" .
   [2 0 0 0])
  ("I2C_M_RD" .
   [0 0 0 1 2 0 0 0])
  ("i2c_fd" .
   [3 0 0 0 0 0])
  ("slot" .
   [11 0 0 0])
  ("getchar" .
   [2 0 0 0 0 0 0])
  ("g_uart_fd" .
   [0 0 0 3 0 1 1 1 0])
  ("512" .
   [2 0 0])
  ("rev_buf" .
   [3 0 0 0 0 0 0])
  ("res_buf" .
   [4 0 0 0 0 0 0])
  ("recv_len" .
   [2 0 0 0 0 0 0 0])
  ("res_len" .
   [7 0 0 0 0 0 0])
  ("0x10" .
   [1 0 0 0])
  ("flag" .
   [2 0 0 0])
  ("0x01" .
   [3 0 0 0])
  ("0x02" .
   [3 0 0 0])
  ("0x03" .
   [2 0 0 0])
  ("data_len" .
   [1 0 0 0 0 0 0 0])
  ("calc_xor_pps" .
   [1 0 0 0 0 0 0 0 0 0 0 0])
  ("speed" .
   [5 0 0 0 0])
  ("9600" .
   [3 0 0 0])
  ("19200" .
   [2 0 0 0 0])
  ("__func__" .
   [0 0 0 3 1 0 0 0])
  ("get_psam_cmd_response" .
   [1 0 0 0 0 0 0 0 0 0 0 0 0 0 0 0 0 0 0 0 0])
  ("pps_flag" .
   [1 0 0 0 0 0 0 0])
  ("psam_num" .
   [2 0 0 0 0 0 0 0])
  ("reply" .
   [0 0 0 0 1])
  ("reply_len" .
   [1 0 0 0 0 0 0 0 0])
  ("free" .
   [1 0 0 0])
  ("pres_buf" .
   [0 0 0 0 0 1 0 0])
  ("cmd_len" .
   [2 0 0 0 0 0 0])
  ("cmd" .
   [3 0 0])
  ("cmd_num" .
   [2 0 0 0 0 0 0])
  ("current_slot" .
   [2 0 0 0 0 0 0 0 0 0 0 0])
  ("one_cmd_len" .
   [3 0 0 0 0 0 0 0 0 0 0])
  ("index" .
   [2 0 0 0 0])
  ("get_response_cmd" .
   [0 0 0 0 1 0 1 0 0 0 0 0 0 0 0 0])
  ("desired_max" .
   [0 0 0 10 4 0 0 1 0 0 0])
  ("procedure" .
   [0 0 0 6 0 1 0 0 0])
  ("procedure_byte" .
   [1 0 0 12 0 0 0 0 0 0 0 0 0 0])
  ("disable" .
   [0 0 0 1 0 0 0])
  ("0xB0" .
   [2 0 0 0])
  ("0xA4" .
   [3 0 0 0])
  ("wLength" .
   [0 0 0 1 1 0 0])
  ("pdu_res" .
   [0 0 0 0 1 0 0])
  ("0x84" .
   [2 0 0 0])
  ("CMD_GET_CHALLENGE" .
   [0 0 0 0 1 0 0 0 0 0 0 0 0 0 0 0 0])
  ("0x90" .
   [1 0 0 0])
  ("0x6c" .
   [0 0 0 1])
  ("0x60" .
   [2 0 0 0])
  ("s_e_flag" .
   [0 0 0 0 1 0 0 0])
  ("short" .
   [1 0 0 0 0])
  ("0x61" .
   [2 0 0 0])
  ("0x81" .
   [1 0 0 0])
  ("0x86" .
   [1 0 0 0])
  ("CMD_SELECT_FILE" .
   [1 0 0 0 0 0 0 0 0 0 0 0 0 0 0])
  ("0x07" .
   [2 0 0 0])
  ("select" .
   [0 0 0 1 0 0])
  ("0x3F" .
   [1 0 0 0])
  ("tpdu" .
   [1 0 0 0])
  ("init_psam" .
   [1 0 0 0 0 0 0 0 0])
  ("EN_DEBUG" .
   [0 0 0 4 0 2 0 0])
  ("newspeed" .
   [6 0 0 0 0 0 0 0])
  ("speed_index" .
   [1 0 0 0 0 0 0 0 0 0 0])
  ("test_item" .
   [2 0 0 0 0 0 0 0 0])
  ("57600" .
   [2 0 0 0 0])
  ("76800" .
   [2 0 0 0 0])
  ("warm" .
   [1 0 0 0])
  ("mkdir" .
   [2 0 0 0 0])
  ("errno" .
   [8 0 0 0 0])
  ("mount_dir" .
   [0 0 0 0 0 0 1 0 0])
  ("sd_mount_dir" .
   [0 0 0 3 0 1 2 0 0 1 0 0])
  ("EEXIST" .
   [1 0 0 0 0 0])
  ("create_mount_dir" .
   [1 0 0 0 0 0 0 0 0 0 0 0 0 0 0 0])
  ("sd_dev_name" .
   [2 0 0 0 0 0 0 0 0 0 0])
  ("mount_data" .
   [2 0 0 0 0 0 0 0 0 0])
  ("mount_flags" .
   [2 0 0 0 0 0 0 0 0 0 0])
  ("strcpy" .
   [2 0 0 0 0 0])
  ("sd_dir_test_file" .
   [2 0 0 0 0 0 0 0 0 0 0 0 0 0 0 0])
  ("thr_fn1" .
   [2 0 0 0 0 0 0])
  ("cleanup" .
   [3 0 0 0 0 1 0])
  ("thr_fn2" .
   [2 0 0 0 0 0 0])
  ("pthread_t" .
   [1 0 0 0 0 0 0 0 0])
  ("pthread" .
   [0 0 0 1 0 0 0])
  ("end_time" .
   [0 0 0 0 3 0 0 0])
  ("lock_var" .
   [1 0 0 0 0 0 0 0])
  ("pthread_mutex_unlock" .
   [1 0 0 0 0 0 0 0 0 0 0 0 0 0 0 0 0 0 0 0])))
